       ep=192.58556
       si=3.39852
       mu1=44.00106
       mu2=28.00615
